
Goal_1
standard volume: 1.555998560077724
[[-0.82292215 -1.06152853 -0.92934333 -0.92287953 -0.910279   -0.90465509
  -0.8519155 ]
 [-0.85535004 -0.93145165 -1.04488209 -1.01504759 -0.88337476 -0.16389941
  -0.92627291]
 [-0.45497148 -0.36386517 -0.36148409 -0.37853977 -0.15437623 -0.38453281
  -0.31504402]
 [ 0.          0.          0.          0.          0.          0.
   0.        ]
 [ 0.         -0.17150954  0.          0.          0.          0.
   0.        ]
 [ 0.16051707  3.16817422  2.22640689  0.86637415  2.06675424  1.52374417
  -0.53993256]
 [ 0.20978088  0.09094362  0.         -0.06007204  0.          0.
   0.        ]
 [-0.0696252   1.2762384   0.64832503  0.19553186  0.43987696 -0.03499966
   0.09950548]
 [ 0.          0.          0.          0.          0.          0.
   0.        ]
 [ 0.43359154  1.70230634  0.81825871  0.53468574  3.54563649  1.75432632
   1.38078477]
 [ 0.57996695  1.29355047  0.88415559  0.47041179  1.5943582   0.62899896
   0.81825744]
 [-0.1        -0.04041267  0.17324896  0.12339068  1.66164343 -0.12087887
   0.44631906]
 [ 0.          0.          0.          0.          0.          0.
   0.        ]
 [ 0.          0.          0.          0.          0.          0.
   0.        ]
 [ 0.          0.          0.          0.          0.          0.
   0.        ]
 [-0.01962859  0.          0.          0.          0.          0.
   0.        ]]

car_0	volume: 4902177.870021943	distance: 95.04626151511461
car_1	volume: 4488984.841312293	distance: 120.82948906140682
car_2	volume: 4495460.070230657	distance: 101.19185421265772
car_3	volume: 2116123.35485063	distance: 110.57099444095576
car_4	volume: 709903.960038038	distance: 55.96258042091896
car_5	volume: 563960.3661931113	distance: 64.4568889322091
car_6	volume: 2655776.7180466857	distance: 111.29490914227857
car_7	volume: 3074935.1903341436	distance: 103.14715398049265
car_8	volume: 1030098.0327493759	distance: 64.55691646076971
car_9	volume: 1007253.7597828466	distance: 65.58443491028606
car_10	volume: 1414265.2455714345	distance: 91.93271323156424
###################################################################
Goal_2
standard volume: 1.461498545187612
[[-0.73729963 -1.03706497 -1.06752704 -1.22519824 -1.10458805 -1.13013008
  -1.12385101]
 [-0.62148077 -0.2612066  -0.44428583 -0.38936969  1.72671405 -0.01839762
  -0.84884442]
 [-1.35167961 -1.37907607 -1.48510073 -1.34602424 -1.07008125 -1.35645575
  -1.34686002]
 [ 0.          0.          0.          0.          0.          0.
   0.        ]
 [-0.14221388 -0.25076135 -0.37173832 -0.19800068 -0.15810921 -0.2665925
  -0.16699734]
 [ 1.94818133  6.04631982  5.09887831  3.39603423  5.10214742  5.04249244
  -0.15719402]
 [ 0.13233272  0.09094362  0.         -0.17945239 -0.07094246  0.
   0.        ]
 [-0.0696252   1.66596216  0.6903002   0.29643075  0.7901527   0.02536313
   0.1890604 ]
 [ 0.          0.          0.          0.          0.          0.
   0.        ]
 [ 2.88670229  4.02105043  2.75019154  3.08488373  5.2088036   3.61809731
   3.9900833 ]
 [ 0.19068911  0.37151778  0.39072449  0.30617072  2.23784801  0.09551224
   0.43955011]
 [ 2.77581597  3.34355369  3.40541111  2.81629307  5.93023468  2.97111183
   4.11358395]
 [ 0.          0.          0.          0.          0.          0.
   0.        ]
 [ 0.          0.          0.          0.          0.          0.
   0.        ]
 [-0.07598694 -0.04170874  1.32819249 -0.12775997  0.50209014 -0.04264682
   0.01087815]
 [-0.01962859  0.          0.          0.          0.          0.
   0.        ]]

car_0	volume: 5594958.336447713	distance: 132.86088003417322
car_1	volume: 5991457.761252774	distance: 122.04860464701844
car_2	volume: 5976188.429242701	distance: 100.26843620529901
car_3	volume: 3208646.824559259	distance: 148.59423914369455
car_4	volume: 2610553.9057392343	distance: 119.03417980857131
car_5	volume: 3077134.1518894816	distance: 76.76200194991786
###################################################################
Goal_3
standard volume: 0.7487863438995519
[[-0.32007178 -1.34422395 -1.32178304 -1.31172106 -1.42567264 -1.54023626
  -1.36981773]
 [-0.18387817  0.86949155 -0.01004464 -0.06409125  1.71788806  0.01067945
  -0.84118216]
 [-1.96150215 -2.06077165 -1.93449645 -1.95741993 -1.97815977 -1.94202532
  -1.92796421]
 [-1.95624697 -2.07518301 -1.98766402 -2.03086091 -1.99603394 -2.01674945
  -1.55598672]
 [-0.21112435 -0.25076135 -0.37173832 -0.19800068 -0.25277277 -0.2665925
  -0.16699734]
 [ 3.24898257  5.69295468  5.66868407  3.8777936   5.91890926  6.46673008
   0.13046907]
 [-0.03858866 -0.17132309 -0.0934461  -0.25624753 -0.15152737 -0.09188488
  -0.19416122]
 [-0.07655643  1.81783229  0.6903002   0.29643075  0.7901527   0.08461389
   0.1890604 ]
 [ 0.          0.          0.          0.          0.          0.
   0.        ]
 [ 4.64723577  5.18741546  4.81356523  4.83209273  6.53202525  4.71994211
   5.70018188]
 [-0.24685113  0.51200646  0.67557298  0.00792359  0.6675351   0.37483321
   0.61581689]
 [-0.35796273 -0.36464225 -0.15773014 -0.18217853  1.83814251 -0.5535002
   0.61111701]
 [-0.15589322 -0.09640276 -0.09640276 -0.1        -0.09640276 -0.1
  -0.13005419]
 [ 0.76452764  0.          0.          0.          0.          0.
   0.        ]
 [-0.07598694 -0.04170874  1.09897048 -0.12775997  0.50209014 -0.04264682
   0.01087815]
 [-0.01962859  0.          0.          0.          0.          0.
   0.        ]]

car_0	volume: 2850974.242397729	distance: 70.56506980024638
car_1	volume: 4576755.793552614	distance: 91.58868142685597
car_2	volume: 3596235.0355012226	distance: 74.20856337659927
car_3	volume: 3029353.2555117384	distance: 69.31825831552669
car_4	volume: 2236649.597120914	distance: 70.40748939604336
car_5	volume: 4045980.4498936664	distance: 90.32395026620952
car_6	volume: 3649788.858992104	distance: 74.08775636903442
car_7	volume: 2473202.176161172	distance: 115.85869251138298
###################################################################
Goal_4
standard volume: 1.2502836338956569
[[ 1.51730395e+00  6.89692885e-01  8.65312300e-01  8.65111491e-01
   8.11139517e-01  8.10989281e-01  8.11728520e-01]
 [ 1.74927603e+00  2.64763246e+00  1.72053692e+00  1.87188025e+00
   2.52878677e+00  2.23805636e+00  1.21918102e+00]
 [-1.96817759e+00 -2.00137508e+00 -1.79132282e+00 -1.98873810e+00
  -1.31313992e+00 -1.95260871e+00 -2.87024861e-01]
 [-1.95624697e+00 -2.07518301e+00 -1.98766402e+00 -2.03086091e+00
  -1.99603394e+00 -2.01674945e+00 -1.55598672e+00]
 [-2.11124354e-01 -2.50761347e-01 -5.03637920e-01 -1.98000684e-01
  -2.52772768e-01 -3.34953365e-01  1.39116132e-01]
 [ 5.84883206e+00  7.21194409e+00  7.61107991e+00  6.71399502e+00
   7.63408555e+00  6.81380053e+00  2.07215060e+00]
 [ 4.80406215e-01 -1.71323091e-01 -1.66658740e-01 -3.28099152e-01
  -1.51527365e-01 -9.18848800e-02 -1.94161217e-01]
 [-7.65564302e-02  1.89094710e+00  6.90300202e-01  2.96430753e-01
   7.90152698e-01  1.44446791e-01  2.69659838e-01]
 [ 0.00000000e+00  0.00000000e+00  0.00000000e+00  0.00000000e+00
   0.00000000e+00  0.00000000e+00  0.00000000e+00]
 [ 5.69738551e+00  6.79046685e+00  5.67819530e+00  5.49525385e+00
   6.52022630e+00  6.85367486e+00  7.53568009e+00]
 [ 1.26165233e-01  7.31925230e-01  7.75237341e-01  3.72567347e-01
   3.15708196e+00  8.09911076e-01  5.17461555e-01]
 [-3.57962733e-01 -3.64642246e-01 -1.57730136e-01 -1.82178532e-01
   1.83814251e+00 -5.53500198e-01  6.11117010e-01]
 [-1.55893223e-01 -9.64027580e-02 -9.64027580e-02 -1.00000000e-01
  -9.64027580e-02 -1.00000000e-01 -1.30054195e-01]
 [ 3.57560079e+00  3.30894715e-01  0.00000000e+00 -3.19570404e-02
   0.00000000e+00  0.00000000e+00  2.58684147e-01]
 [-1.58758189e-01 -4.17087388e-02  1.71294858e+00 -1.27759969e-01
   9.48544811e-01 -2.94559075e-03  1.08781486e-02]
 [-1.96285860e-02  0.00000000e+00  0.00000000e+00  0.00000000e+00
   0.00000000e+00  0.00000000e+00  0.00000000e+00]]

car_0	volume: 6701928.05344723	distance: 121.40093266605466
car_1	volume: 6073522.926818646	distance: 165.94815311225818
car_2	volume: 5995520.388234125	distance: 162.0765594937979
car_3	volume: 4358245.314971631	distance: 197.38849287287547
car_4	volume: 3329722.7256595343	distance: 113.66638967088889
###################################################################
Goal_5
standard volume: 1.764992977861142
[[ 1.48409845e+00  4.77664565e-01  4.59504801e-01  4.18059494e-01
   4.62976101e-01  4.60694917e-01  4.64577741e-01]
 [ 1.72761331e+00  3.52303315e+00  1.68944863e+00  1.68633721e+00
   2.30467321e+00  2.54863673e+00  1.09117073e+00]
 [-1.82729911e+00 -2.00137508e+00 -1.79132282e+00 -1.98873810e+00
  -8.99213561e-01 -1.81607819e+00 -1.11842353e-01]
 [-1.95624697e+00 -2.07518301e+00 -1.98766402e+00 -2.03086091e+00
  -1.99603394e+00 -2.01674945e+00 -1.55598672e+00]
 [-5.43438215e-03 -2.50761347e-01 -5.37295551e-01 -2.63273312e-01
  -3.07581851e-01 -3.34953365e-01  2.15113422e-01]
 [ 5.72151486e+00  7.88389686e+00  6.83886014e+00  6.76704407e+00
   8.02013343e+00  7.23555645e+00  3.68603683e+00]
 [ 4.27618452e-01 -1.71323091e-01  2.22637579e-02 -3.28099152e-01
  -1.51527365e-01  1.58200158e-01  6.74284454e-02]
 [-7.65564302e-02  1.29897846e+00  8.13208081e-01  4.86427907e-01
   9.39835964e-01  1.89689825e-01  4.10107159e-01]
 [ 0.00000000e+00  0.00000000e+00  0.00000000e+00  0.00000000e+00
   0.00000000e+00  0.00000000e+00  0.00000000e+00]
 [ 5.66468539e+00  6.24411330e+00  5.34475169e+00  5.22239980e+00
   7.20052753e+00  6.85075070e+00  7.55916016e+00]
 [ 4.01271836e-01  9.85239891e-01  8.94672481e-01  6.42984312e-01
   2.82345859e+00  6.91172078e-01  8.96201380e-01]
 [-3.57962733e-01 -3.64642246e-01 -1.57730136e-01 -1.82178532e-01
   1.83814251e+00 -5.53500198e-01  6.11117010e-01]
 [-1.55893223e-01 -9.64027580e-02 -9.64027580e-02 -1.00000000e-01
  -9.64027580e-02 -1.00000000e-01 -1.30054195e-01]
 [ 5.42947639e+00  1.34976464e+00  0.00000000e+00 -3.19570404e-02
   0.00000000e+00  2.18228471e-01  2.58684147e-01]
 [-1.58758189e-01 -4.17087388e-02  1.63787397e+00 -8.01472338e-03
   9.48544811e-01  9.05920357e-02 -4.97044534e-02]
 [ 2.94638966e-02  0.00000000e+00  0.00000000e+00  0.00000000e+00
   0.00000000e+00  0.00000000e+00  0.00000000e+00]]

car_0	volume: 4827274.400773167	distance: 141.26786476861474
car_1	volume: 6722498.093458023	distance: 128.26918430116382
car_2	volume: 4240033.203209348	distance: 117.32014803050713
car_3	volume: 4701151.857534132	distance: 97.32762019267035
car_4	volume: 5103987.888493002	distance: 147.01618207193516
car_5	volume: 863993.9656634919	distance: 89.51158706328724
###################################################################
Goal_6
standard volume: 1.5938796592332778
[[ 7.12208670e-01  2.42004594e-01  1.98121933e-01  3.05421486e-01
   3.00260828e-01  3.11170620e-01  2.45112107e-01]
 [ 1.19947004e+00  1.67074819e+00  1.09480197e+00  1.20435782e+00
   2.06099943e+00  1.27360352e+00  1.18387166e+00]
 [-1.44955689e+00 -1.72497928e+00 -1.67065130e+00 -1.79669781e+00
  -2.82091678e-01 -1.60608551e+00 -2.64741627e-01]
 [-1.95624697e+00 -2.07518301e+00 -1.98766402e+00 -2.03086091e+00
  -1.99603394e+00 -2.01674945e+00 -1.55598672e+00]
 [-5.43438215e-03 -2.50761347e-01 -5.37295551e-01 -3.17800886e-01
  -3.07581851e-01 -3.34953365e-01  3.77791877e-01]
 [ 5.32155102e+00  7.92976080e+00  7.73708591e+00  6.78254181e+00
   7.98638610e+00  7.82920683e+00  2.33201254e+00]
 [ 7.04439152e-01 -1.71323091e-01  2.22637579e-02 -3.28099152e-01
  -1.51527365e-01  1.58200158e-01  6.74284454e-02]
 [ 7.50447400e-02  9.75848260e-01  1.05980640e+00  7.92903820e-01
   2.59136210e+00  3.77469906e-01  4.71224205e-01]
 [ 0.00000000e+00  0.00000000e+00  0.00000000e+00  0.00000000e+00
   0.00000000e+00  0.00000000e+00  0.00000000e+00]
 [ 5.68738912e+00  6.71177138e+00  5.55547696e+00  5.46480888e+00
   7.40770839e+00  6.42874096e+00  7.76440082e+00]
 [ 1.26246211e+00  2.17008153e+00  1.60955090e+00  1.25870817e+00
   4.03392343e+00  1.48840372e+00  1.55656493e+00]
 [-3.57962733e-01  3.77647065e-01  4.58514897e-01  5.68437226e-01
   3.41492961e+00 -3.77163880e-01  9.31668233e-01]
 [-1.55893223e-01 -9.64027580e-02 -9.64027580e-02 -1.00000000e-01
  -9.64027580e-02 -1.00000000e-01 -1.30054195e-01]
 [ 5.79123479e+00  1.34976464e+00  0.00000000e+00  3.65269575e-01
   0.00000000e+00  2.18228471e-01  2.58684147e-01]
 [-1.58758189e-01 -4.17087388e-02  1.63787397e+00 -8.01472338e-03
   9.48544811e-01  9.05920357e-02 -4.97044534e-02]
 [ 2.94638966e-02  0.00000000e+00  0.00000000e+00  0.00000000e+00
   0.00000000e+00  0.00000000e+00  0.00000000e+00]]

car_0	volume: 4105294.608818001	distance: 144.6423605780085
car_1	volume: 6627206.020119987	distance: 128.93613537359585
car_2	volume: 4434982.774137833	distance: 110.72417199432242
car_3	volume: 5302259.125313381	distance: 123.95353015787933
car_4	volume: 4642383.749414636	distance: 108.67049860081501
car_5	volume: 1346813.1313273222	distance: 83.87787110511235
###################################################################
Goal_7
standard volume: 1.2902927609587098
[[ 4.75402735e-01  4.46120452e-01  3.96726300e-01  4.43858095e-01
   4.08797854e-01  3.25644530e-01  4.78088707e-01]
 [ 8.31082965e-01  7.92620954e-01  8.09097565e-01  8.60134450e-01
   1.16033965e+00  9.26335406e-01  6.18510999e-01]
 [-1.36762467e+00 -1.72497928e+00 -1.52368105e+00 -1.79669781e+00
   1.42695880e-01 -1.48771155e+00 -3.55212568e-01]
 [-1.95624697e+00 -2.07518301e+00 -1.98766402e+00 -2.03086091e+00
  -1.99603394e+00 -2.01674945e+00 -1.55598672e+00]
 [-5.43438215e-03 -2.50761347e-01 -5.37295551e-01 -3.17800886e-01
  -3.07581851e-01 -3.34953365e-01  4.46633514e-01]
 [ 5.06519517e+00  5.72312671e+00  5.70942516e+00  5.92978842e+00
   6.05712108e+00  5.89697151e+00  4.85124115e+00]
 [ 9.23587171e-01 -1.71323091e-01  2.22637579e-02 -3.28099152e-01
  -1.51527365e-01  1.58200158e-01  6.74284454e-02]
 [ 4.67370982e-01  9.75848260e-01  1.30529076e+00  1.05006131e+00
   3.03737747e+00  3.77469906e-01  7.64493592e-01]
 [ 0.00000000e+00  0.00000000e+00  0.00000000e+00  0.00000000e+00
   0.00000000e+00  0.00000000e+00  0.00000000e+00]
 [ 5.69943797e+00  6.39654065e+00  6.06576526e+00  5.12784165e+00
   6.74215736e+00  6.37362716e+00  6.74258990e+00]
 [ 2.00285825e+00  2.27007209e+00  2.14837243e+00  1.77542189e+00
   4.65439591e+00  2.26073182e+00  2.54620452e+00]
 [-3.57962733e-01  1.07251523e+00  4.58514897e-01  1.08442792e+00
   3.39135032e+00 -3.77163880e-01  1.36512476e+00]
 [-1.55893223e-01 -9.64027580e-02 -9.64027580e-02 -1.00000000e-01
  -9.64027580e-02 -1.00000000e-01 -1.30054195e-01]
 [ 5.00497317e+00  1.81535607e+00  1.09182806e+00  7.40986046e-01
   0.00000000e+00  5.90588838e-01  2.58684147e-01]
 [-1.58758189e-01 -4.17087388e-02  1.63787397e+00 -8.01472338e-03
   9.48544811e-01  9.05920357e-02 -4.97044534e-02]
 [ 2.94638966e-02  1.58288723e-01  0.00000000e+00  0.00000000e+00
   0.00000000e+00  0.00000000e+00  1.13121515e+00]]

car_0	volume: 4772880.459739132	distance: 130.63786837822866
car_1	volume: 6989323.502748914	distance: 138.0823170116403
car_2	volume: 6308623.784901541	distance: 144.2385929457624
car_3	volume: 5123947.862974822	distance: 137.21861646682967
car_4	volume: 3264163.7987667527	distance: 134.39041926300712
###################################################################
Goal_8
standard volume: 1.099873097785869
[[ 4.50914412e-01  3.41213127e-01  3.96726300e-01  2.43934312e-01
   4.08797854e-01  3.25644530e-01  3.72829731e-01]
 [ 7.45126321e-01  6.56110949e-01  8.09097565e-01  7.03240041e-01
   1.67737049e+00  8.40569337e-01  4.97152520e-01]
 [-1.36762467e+00 -1.72497928e+00 -1.52368105e+00 -1.79669781e+00
   1.42695880e-01 -1.48771155e+00 -3.55212568e-01]
 [-1.95624697e+00 -2.07518301e+00 -1.98766402e+00 -2.03086091e+00
  -1.99603394e+00 -2.01674945e+00 -1.55598672e+00]
 [-5.43438215e-03 -2.50761347e-01 -5.37295551e-01 -3.17800886e-01
  -3.07581851e-01 -3.34953365e-01  4.46633514e-01]
 [ 4.94716148e+00  5.96201621e+00  5.79227217e+00  5.43504090e+00
   6.29218682e+00  5.95874499e+00  4.30582175e+00]
 [ 9.23587171e-01 -1.71323091e-01  2.22637579e-02 -3.28099152e-01
  -1.51527365e-01  1.58200158e-01  6.74284454e-02]
 [ 4.67370982e-01  9.75848260e-01  1.30529076e+00  1.05006131e+00
   3.09864692e+00  3.77469906e-01  8.88227857e-01]
 [ 0.00000000e+00  0.00000000e+00  0.00000000e+00  0.00000000e+00
   0.00000000e+00  0.00000000e+00  0.00000000e+00]
 [ 4.04865835e+00  5.34747426e+00  4.50148924e+00  4.40875410e+00
   5.66310847e+00  4.56775281e+00  5.15533126e+00]
 [ 1.87110763e+00  2.22784376e+00  1.92752194e+00  1.81197935e+00
   3.46408674e+00  2.18006070e+00  2.48795449e+00]
 [ 2.59684032e+00  3.70190461e+00  3.51383380e+00  3.60541588e+00
   6.12628847e+00  2.86049065e+00  4.04081223e+00]
 [-1.55893223e-01 -9.64027580e-02 -9.64027580e-02 -1.00000000e-01
  -9.64027580e-02 -1.00000000e-01 -1.30054195e-01]
 [ 5.00497317e+00  1.81535607e+00  1.09182806e+00  7.40986046e-01
   0.00000000e+00  5.90588838e-01  2.58684147e-01]
 [-1.58758189e-01 -4.17087388e-02  1.63787397e+00 -8.01472338e-03
   9.48544811e-01  9.05920357e-02 -4.97044534e-02]
 [ 2.94638966e-02  1.58288723e-01  0.00000000e+00  0.00000000e+00
   0.00000000e+00  0.00000000e+00  1.13121515e+00]]

car_0	volume: 5317215.34996637	distance: 99.21862289424239
car_1	volume: 3695667.4408299904	distance: 102.03931279087818
car_2	volume: 3485577.139761538	distance: 103.46512946822867
car_3	volume: 3216994.323916983	distance: 106.23146324937652
car_4	volume: 1964021.5030744039	distance: 107.86413714770713
car_5	volume: 2125422.038744906	distance: 104.72080354624465
car_6	volume: 2937053.970472348	distance: 117.0717048093148
car_7	volume: 2268085.1075686533	distance: 99.99318319764338
car_8	volume: 1448902.5347959704	distance: 89.2351782480387
###################################################################
Goal_9
standard volume: 1.7269225688270973
[[ 1.53606445e+00  6.17660409e-02  1.34077824e-01  1.14663233e-01
  -4.35411955e-02  2.98780788e-02  8.12416669e-02]
 [ 1.26058168e+00  1.78175611e+00  1.77636669e+00  1.12570704e+00
   1.71181484e+00  1.80855990e+00  7.08724261e-01]
 [-1.36762467e+00 -1.72497928e+00 -1.52368105e+00 -1.79669781e+00
   4.95008306e-01 -1.48771155e+00 -3.55212568e-01]
 [-1.95624697e+00 -2.07518301e+00 -1.98766402e+00 -2.03086091e+00
  -1.99603394e+00 -2.01674945e+00 -1.55598672e+00]
 [-5.43438215e-03 -2.50761347e-01 -5.37295551e-01 -3.17800886e-01
  -3.07581851e-01 -3.34953365e-01  4.46633514e-01]
 [ 5.35297774e+00  5.65536732e+00  5.82363755e+00  5.92824376e+00
   5.83349107e+00  5.62522963e+00  2.67176089e+00]
 [ 1.06935696e+00 -1.71323091e-01  2.22637579e-02 -3.28099152e-01
  -1.51527365e-01  1.58200158e-01  6.74284454e-02]
 [ 1.48570278e+00  1.96501659e+00  1.49554947e+00  1.64676424e+00
   4.08254477e+00  6.20263816e-01  8.88227857e-01]
 [ 0.00000000e+00  0.00000000e+00  0.00000000e+00  0.00000000e+00
   0.00000000e+00  0.00000000e+00  0.00000000e+00]
 [ 4.90546086e+00  6.01961505e+00  5.55224175e+00  4.74633549e+00
   6.25931592e+00  5.71355267e+00  6.78124058e+00]
 [ 1.98709961e+00  2.30329045e+00  1.95629935e+00  2.01711417e+00
   4.22275458e+00  2.40422439e+00  2.47261263e+00]
 [ 2.75476331e+00  4.05953315e+00  3.64158165e+00  3.84372394e+00
   6.14272866e+00  3.33457161e+00  4.04661957e+00]
 [-1.55893223e-01 -9.64027580e-02 -9.64027580e-02 -1.00000000e-01
  -9.64027580e-02 -1.00000000e-01 -1.30054195e-01]
 [ 5.28628010e+00  2.18551637e+00  1.09182806e+00  7.40986046e-01
   0.00000000e+00  9.06749068e-01  8.03485077e-01]
 [-1.58758189e-01 -4.17087388e-02  1.63787397e+00 -8.01472338e-03
   9.48544811e-01  9.05920357e-02 -4.97044534e-02]
 [ 2.94638966e-02  1.58288723e-01  0.00000000e+00  0.00000000e+00
   0.00000000e+00  0.00000000e+00  1.62963716e+00]]

car_0	volume: 6042174.172485502	distance: 106.74106614656033
car_1	volume: 4763656.405717939	distance: 130.86179741793822
car_2	volume: 5655405.519297781	distance: 118.8108661264589
car_3	volume: 4117001.0725982217	distance: 105.74620606205411
car_4	volume: 2598256.961476942	distance: 114.48264421174991
car_5	volume: 2195681.7287895316	distance: 118.78423741414208
car_6	volume: 1086763.5487652463	distance: 80.39599155159813
###################################################################
Goal_10
standard volume: 1.646312779356748
[[ 1.92836808e+00  5.58750180e-01  6.02982504e-01  6.43705999e-01
   6.57760162e-01  5.56838169e-01  5.64206143e-01]
 [ 1.37095787e+00  2.31353353e+00  1.53362756e+00  1.47392074e+00
   1.69580435e+00  1.73670788e+00  9.86939409e-01]
 [-1.23023928e+00 -9.19055019e-01 -1.17287768e+00 -1.19163464e+00
  -6.01171681e-01 -1.22911343e+00 -1.25095441e-01]
 [-1.95624697e+00 -2.07518301e+00 -1.98766402e+00 -2.03086091e+00
  -1.99603394e+00 -2.01674945e+00 -1.55598672e+00]
 [ 7.97104667e-01 -3.07414610e-01 -3.80481500e-01 -3.46694793e-01
  -1.05909942e-01 -1.67062376e-01  4.58720263e-01]
 [ 5.49776510e+00  8.42180301e+00  7.87275189e+00  6.85736291e+00
   8.43786365e+00  7.64844949e+00  2.91443975e+00]
 [ 1.05680622e+00 -1.71323091e-01  2.22637579e-02 -3.28099152e-01
  -1.51527365e-01  1.58200158e-01  2.99567345e-01]
 [ 1.48570278e+00  1.96501659e+00  1.49554947e+00  1.64676424e+00
   4.13177433e+00  6.20263816e-01  1.04394825e+00]
 [ 0.00000000e+00  0.00000000e+00  0.00000000e+00  0.00000000e+00
   0.00000000e+00  0.00000000e+00  0.00000000e+00]
 [ 5.34790646e+00  6.33925490e+00  5.28495175e+00  5.06895824e+00
   6.70642768e+00  6.05670140e+00  7.07270848e+00]
 [ 1.53351791e+00  1.81584143e+00  1.85545189e+00  1.58387985e+00
   2.76922008e+00  1.62925175e+00  2.09072863e+00]
 [ 2.75476331e+00  4.05953315e+00  3.64158165e+00  3.84372394e+00
   6.14272866e+00  3.33457161e+00  4.04661957e+00]
 [-1.55893223e-01 -9.64027580e-02 -9.64027580e-02 -1.00000000e-01
  -9.64027580e-02 -1.00000000e-01 -1.30054195e-01]
 [ 5.33290127e+00  2.18551637e+00  1.09182806e+00  7.40986046e-01
   5.95039766e-01  9.06749068e-01  8.03485077e-01]
 [-1.58758189e-01  1.66511213e-01  1.75733525e+00 -8.01472338e-03
   9.48544811e-01  9.05920357e-02 -3.70706064e-03]
 [ 2.94638966e-02  1.58288723e-01  0.00000000e+00  0.00000000e+00
   0.00000000e+00  0.00000000e+00  1.62963716e+00]]

car_0	volume: 6736578.024105521	distance: 131.4899202282704
car_1	volume: 4628991.153865072	distance: 123.76688822348066
car_2	volume: 4492327.99228565	distance: 126.08140744406849
car_3	volume: 3859723.9918159097	distance: 121.87673706234294
car_4	volume: 3088080.945828015	distance: 106.02600049376665
car_5	volume: 2492337.9938091454	distance: 111.29251217345261
car_6	volume: 1160899.307421852	distance: 112.83951171653831
###################################################################
Goal_11
standard volume: 1.1209372707381007
[[ 1.66934829e+00  6.73196925e-01  7.06880395e-01  6.64852010e-01
   7.26580372e-01  5.99765498e-01  7.52584198e-01]
 [ 1.37009243e+00  1.34201322e+00  1.10337017e+00  1.14201558e+00
   2.84349851e+00  1.74413493e+00  7.39071635e-01]
 [-1.22774188e+00 -9.54314698e-01 -1.17480858e+00 -1.18375295e+00
  -4.17633547e-01 -1.22911343e+00 -1.75455044e-01]
 [-1.95624697e+00 -2.07518301e+00 -1.98766402e+00 -2.03086091e+00
  -1.99603394e+00 -2.01674945e+00 -1.55598672e+00]
 [ 1.01601738e+00 -3.07414610e-01 -3.62505495e-01 -3.46694793e-01
  -1.05909942e-01 -1.67062376e-01  2.77703490e-01]
 [ 5.80037869e+00  7.19168618e+00  8.06848242e+00  6.65407895e+00
   8.10199717e+00  7.08321178e+00  1.84559645e+00]
 [ 1.04353786e+00 -1.71323091e-01  2.22637579e-02 -3.28099152e-01
  -1.51527365e-01  1.58200158e-01  2.99567345e-01]
 [ 1.78383535e+00  1.96501659e+00  1.49554947e+00  1.82610154e+00
   4.22657294e+00  6.20263816e-01  1.18409661e+00]
 [ 0.00000000e+00  0.00000000e+00  0.00000000e+00  0.00000000e+00
   0.00000000e+00  0.00000000e+00  0.00000000e+00]
 [ 5.68617987e+00  6.55173350e+00  5.64678121e+00  5.30729547e+00
   7.14971448e+00  6.07804882e+00  7.70579632e+00]
 [ 1.26179162e+00  1.91714865e+00  2.04426594e+00  1.50899238e+00
   2.97606646e+00  1.35783755e+00  1.85069394e+00]
 [ 2.75476331e+00  4.05953315e+00  3.64158165e+00  3.84372394e+00
   6.20672154e+00  3.33457161e+00  4.06796382e+00]
 [-1.55893223e-01 -9.64027580e-02 -9.64027580e-02 -1.00000000e-01
  -9.64027580e-02 -1.00000000e-01 -1.30054195e-01]
 [ 5.63747812e+00  2.53375980e+00  1.54944032e+00  1.06104806e+00
   5.95039766e-01  9.06749068e-01  8.03485077e-01]
 [-1.58758189e-01  1.66511213e-01  1.75733525e+00 -8.01472338e-03
   9.48544811e-01  9.05920357e-02 -3.70706064e-03]
 [ 2.94638966e-02  1.58288723e-01  0.00000000e+00  0.00000000e+00
   0.00000000e+00  0.00000000e+00  1.62963716e+00]]

car_0	volume: 5293811.170432684	distance: 137.1302600147851
car_1	volume: 6907249.539617436	distance: 142.37430138084554
car_2	volume: 6050726.787900194	distance: 128.992702763758
car_3	volume: 4473101.284023975	distance: 125.17384512731117
car_4	volume: 3734050.62715687	distance: 111.77600343434982
###################################################################
Goal_12
standard volume: 0.9003410413853354
[[ 1.36864954e+00  2.62912115e-02  6.48938263e-02  1.02679281e-01
   8.06975446e-02  1.87539748e-02  7.92727988e-02]
 [ 1.28428491e+00  1.28617712e+00  1.27896141e+00  1.27071909e+00
   1.37655373e+00  1.94120395e+00  8.20526308e-01]
 [-1.21558205e+00 -1.00617450e+00 -1.16947300e+00 -1.18797980e+00
  -6.13571500e-01 -1.22598814e+00 -2.99948545e-01]
 [-1.95624697e+00 -2.07518301e+00 -1.98766402e+00 -2.03086091e+00
  -1.99603394e+00 -2.01674945e+00 -1.55598672e+00]
 [ 1.31243964e+00 -3.07414610e-01 -3.62505495e-01 -3.46694793e-01
  -1.05909942e-01 -1.67062376e-01  2.77703490e-01]
 [ 5.43662671e+00  6.93381144e+00  6.67489690e+00  6.14786474e+00
   7.39937351e+00  6.91729235e+00  3.71005298e+00]
 [ 1.24643416e+00  1.91564245e-01  2.22637579e-02 -3.28099152e-01
  -1.51527365e-01  6.32428160e-01  2.99567345e-01]
 [ 2.44340826e+00  2.14826865e+00  1.72950416e+00  2.02700102e+00
   4.87449217e+00  6.20263816e-01  1.73334489e+00]
 [ 0.00000000e+00  0.00000000e+00  0.00000000e+00  0.00000000e+00
   0.00000000e+00  0.00000000e+00  0.00000000e+00]
 [ 5.21310505e+00  6.25624060e+00  5.63449533e+00  5.08881087e+00
   6.72970458e+00  6.07089445e+00  6.88125512e+00]
 [ 1.60015542e+00  2.25346088e+00  2.21890398e+00  1.63639453e+00
   2.76364999e+00  2.08262075e+00  2.23197243e+00]
 [ 4.43215726e+00  5.59975648e+00  4.41536978e+00  5.09810439e+00
   6.47124914e+00  4.50138482e+00  5.51533794e+00]
 [-1.55893223e-01 -9.64027580e-02 -9.64027580e-02 -1.00000000e-01
  -9.64027580e-02 -1.00000000e-01 -1.30054195e-01]
 [ 5.57326571e+00  3.17767611e+00  2.73715754e+00  1.06104806e+00
   2.04139954e+00  1.74478257e+00  1.31607045e+00]
 [-1.58758189e-01  4.13632118e-01  2.63448243e+00  5.08418331e-02
   1.26948815e+00  9.05920357e-02 -3.70706064e-03]
 [ 2.94638966e-02  1.58288723e-01  0.00000000e+00  0.00000000e+00
   0.00000000e+00  0.00000000e+00  1.62963716e+00]]

car_0	volume: 5375293.895606275	distance: 155.43371254137827
car_1	volume: 6677042.983757474	distance: 130.38435531460868
car_2	volume: 4182651.2224939675	distance: 143.96011503926496
car_3	volume: 5757078.74553851	distance: 141.75336395497786
car_4	volume: 4466872.561734935	distance: 158.82604276550143
###################################################################
Goal_13
standard volume: 1.4732257544325835
[[ 1.64538007e+00  4.01897090e-01  5.20568282e-01  7.48136213e-01
   6.04155868e-01  5.77207606e-01  4.04384979e-01]
 [ 1.50778331e+00  1.72483947e+00  1.52459541e+00  1.52186423e+00
   1.62055359e+00  2.62344274e+00  9.49366030e-01]
 [-1.26559056e+00 -1.17098222e+00 -1.23526627e+00 -1.26145372e+00
  -6.02933120e-01 -1.27428623e+00 -6.82037495e-01]
 [-1.95624697e+00 -2.07518301e+00 -1.98766402e+00 -2.03086091e+00
  -1.99603394e+00 -2.01674945e+00 -1.55598672e+00]
 [ 9.09925384e-01 -2.67524922e-01 -3.03581409e-01 -2.96449055e-01
  -1.05909942e-01 -1.43565589e-01  3.32665352e-01]
 [ 5.52797772e+00  7.42868577e+00  7.64321494e+00  6.66045662e+00
   7.84545614e+00  7.48189607e+00  2.16640219e+00]
 [ 1.06207158e+00  1.87314545e-01  1.80228567e-01 -2.93376346e-01
  -1.51527365e-01  6.32428160e-01  3.48287612e-01]
 [ 2.67500860e+00  2.84268735e+00  1.72950416e+00  2.02700102e+00
   5.84535899e+00  1.53801200e+00  1.90531977e+00]
 [ 0.00000000e+00  0.00000000e+00  0.00000000e+00  0.00000000e+00
   0.00000000e+00  0.00000000e+00  0.00000000e+00]
 [ 5.60325743e+00  6.27510189e+00  5.37189074e+00  5.56979184e+00
   6.89643558e+00  6.52983474e+00  7.46190630e+00]
 [ 8.89117588e-01  1.23057527e+00  1.20776813e+00  1.11902469e+00
   2.98449911e+00  1.11270507e+00  1.34374925e+00]
 [ 4.43215726e+00  5.59975648e+00  4.41536978e+00  5.09810439e+00
   6.52860681e+00  4.50138482e+00  5.51159154e+00]
 [-1.55893223e-01 -9.64027580e-02 -9.64027580e-02 -1.00000000e-01
  -9.64027580e-02 -1.00000000e-01 -1.30054195e-01]
 [ 5.55991588e+00  3.44904011e+00  2.73715754e+00  1.06104806e+00
   2.04139954e+00  1.96632496e+00  1.78975087e+00]
 [-1.58758189e-01  4.13632118e-01  2.63448243e+00  5.08418331e-02
   1.26948815e+00  9.05920357e-02 -3.70706064e-03]
 [ 2.94638966e-02  1.58288723e-01  0.00000000e+00  4.50377071e-02
   4.58736884e-01  8.55716434e-02  2.04175358e+00]]

car_0	volume: 5132145.053912427	distance: 138.08403914212386
car_1	volume: 6754253.502146954	distance: 127.49426003386775
car_2	volume: 5208809.227635798	distance: 135.54347144376408
car_3	volume: 3334606.6538160713	distance: 132.5633768586467
car_4	volume: 2203301.669485377	distance: 78.12609302111099
car_5	volume: 3825823.3021345343	distance: 102.51420260775133
###################################################################
Goal_14
standard volume: 1.6098429976049995
[[ 1.87721673e+00  4.55263471e-01  5.57036516e-01  5.02709844e-01
   5.33461508e-01  5.70284655e-01  5.09390566e-01]
 [ 1.48170213e+00  2.99154068e+00  1.44803083e+00  1.41676539e+00
   2.18560759e+00  1.70659859e+00  9.44714021e-01]
 [-1.26559056e+00 -1.17098222e+00 -1.23526627e+00 -1.26145372e+00
  -6.92703614e-01 -1.29022987e+00 -4.94461474e-01]
 [-1.95624697e+00 -2.07518301e+00 -1.98766402e+00 -2.03086091e+00
  -1.99603394e+00 -2.01674945e+00 -1.55598672e+00]
 [ 9.80735138e-01 -2.67524922e-01 -3.03581409e-01 -2.96449055e-01
  -1.05909942e-01 -1.37666392e-01  3.32665352e-01]
 [ 5.71495474e+00  7.86611389e+00  7.87985530e+00  6.82303034e+00
   8.15658072e+00  7.27608738e+00  2.22625708e+00]
 [ 1.02702811e+00  1.87314545e-01  3.15008376e-01 -2.93376346e-01
   1.64280363e-02  7.21988009e-01  3.48287612e-01]
 [ 2.88855375e+00  2.84268735e+00  1.72950416e+00  2.02700102e+00
   5.90470797e+00  1.53801200e+00  1.99600934e+00]
 [ 0.00000000e+00  0.00000000e+00  0.00000000e+00  0.00000000e+00
   0.00000000e+00  0.00000000e+00  0.00000000e+00]
 [ 5.69735226e+00  6.71023463e+00  5.40038658e+00  5.32142632e+00
   7.12866151e+00  6.55963834e+00  7.54712356e+00]
 [ 1.05627149e+00  1.35872178e+00  1.45459267e+00  1.12808401e+00
   3.02096429e+00  1.24220728e+00  1.23450986e+00]
 [ 4.54146911e+00  5.65303224e+00  4.57727872e+00  5.44730796e+00
   7.15479312e+00  4.78526039e+00  5.70416144e+00]
 [-1.55893223e-01 -9.64027580e-02 -9.64027580e-02 -1.00000000e-01
  -9.64027580e-02 -1.00000000e-01 -1.30054195e-01]
 [ 5.64418648e+00  3.69207957e+00  2.73715754e+00  1.06104806e+00
   2.43457664e+00  1.96632496e+00  1.78975087e+00]
 [-1.58758189e-01  4.13632118e-01  2.63448243e+00  5.08418331e-02
   1.26948815e+00  9.05920357e-02 -3.70706064e-03]
 [ 2.94638966e-02  1.58288723e-01  0.00000000e+00  4.50377071e-02
   4.58736884e-01  8.55716434e-02  2.04175358e+00]]

car_0	volume: 4781773.462132219	distance: 121.78547439761132
car_1	volume: 6454459.937225572	distance: 119.18851903828546
car_2	volume: 3925326.5267211823	distance: 115.51934584873793
car_3	volume: 2676946.933234304	distance: 116.76659249307454
car_4	volume: 3031953.2294380944	distance: 120.2214664149327
car_5	volume: 2634014.1034010905	distance: 96.04339401185844
car_6	volume: 2046154.113089158	distance: 136.71356992645934
car_7	volume: 908311.1038895423	distance: 74.58728924331088
###################################################################
Goal_15
standard volume: 0.9283758044224558
[[ 0.36287733  0.27925021  0.3260898   0.29279781  0.21188804  0.3817093
   0.23310988]
 [ 1.22194718  2.15842749  1.46166051  1.39815633  2.72604972  1.61428145
   0.61009737]
 [-1.25601688 -0.85400553 -1.23526627 -1.25229372 -0.63237704 -1.28397938
  -0.20445794]
 [-1.95624697 -2.07518301 -1.98766402 -2.03086091 -1.99603394 -2.01674945
  -1.55598672]
 [ 0.93716906 -0.26752492 -0.30358141 -0.26428142 -0.10590994 -0.13766639
   0.32335082]
 [ 5.53916923  6.10729067  7.25091601  6.37665964  7.41976949  7.2206631
   1.92167142]
 [ 1.60115863  0.18731454  0.31500838 -0.23316651  0.01642804  0.72198801
   0.34828761]
 [ 4.0466361   2.84268735  2.06919862  2.88787161  6.29957758  2.08458841
   3.08154977]
 [ 0.          0.          0.          0.          0.          0.
   0.        ]
 [ 5.35171478  6.47748517  5.50890316  5.50275846  6.41236564  6.19060484
   6.92111062]
 [ 1.09588361  1.33083975  1.26662799  1.14636724  3.82182952  1.31587541
   1.5079404 ]
 [ 5.66906666  6.91934112  6.34253877  6.09985453  7.82711512  5.60612515
   6.70382372]
 [-0.15589322 -0.09640276 -0.09640276 -0.1        -0.09640276 -0.1
  -0.13005419]
 [ 5.54289447  3.9228446   2.73715754  1.06104806  2.43457664  1.96632496
   1.92391698]
 [-0.15147687  0.41363212  3.29667045  0.23916132  1.84027164  0.2749365
   0.31688949]
 [ 0.0294639   0.42057868  0.27811883  0.04503771  0.45873688  0.08557164
   2.39813065]]

car_0	volume: 4277559.856392177	distance: 73.04181177857772
car_1	volume: 2238110.5841784095	distance: 102.52541579429432
car_2	volume: 3274684.7528401865	distance: 74.03489516224238
car_3	volume: 2502762.3337723156	distance: 61.22917209422576
car_4	volume: 2492711.3760277717	distance: 58.80435103546234
car_5	volume: 2486926.920304157	distance: 67.96230311869247
car_6	volume: 1647297.1768240256	distance: 71.84778157871507
car_7	volume: 3233732.3503340534	distance: 74.48612214343417
car_8	volume: 2279007.8432261236	distance: 66.83004308382887
car_9	volume: 928377.4826935496	distance: 81.51280153586718
car_10	volume: 1097768.732538391	distance: 64.73636803710113
###################################################################
Goal_16
standard volume: 1.1492549525161337
[[ 1.56424442  0.17760473  0.26317568  0.14369276  0.29326548  0.23155181
   0.26284601]
 [ 1.77582957  2.2416341   2.1140099   1.65756765  3.27753906  2.6266489
   0.78624488]
 [-1.23397579 -0.90948356 -1.2026943  -1.19857387 -0.39246232 -1.28397938
  -0.08718374]
 [-1.95624697 -2.07518301 -1.98766402 -2.03086091 -1.99603394 -2.01674945
  -1.55598672]
 [ 1.17799943 -0.26752492 -0.30358141 -0.26428142 -0.10590994 -0.13766639
   0.32335082]
 [ 5.47411977  5.7613756   5.37589942  5.45776691  5.47335248  5.45514795
   4.03526866]
 [ 1.68188208  0.18731454  0.31500838 -0.23316651  0.01642804  0.72198801
   0.34828761]
 [ 4.0466361   3.09930264  2.69606706  3.53206977  5.70033256  2.5755012
   3.73674947]
 [ 0.          0.          0.          0.          0.          0.
   0.        ]
 [ 5.53248789  6.67114237  5.85107927  5.6707357   6.74592784  6.51821171
   6.65390007]
 [ 1.55340323  2.45102803  1.53468174  1.52072243  3.73322713  1.72017366
   1.91851074]
 [ 5.7702541   6.58801529  6.2976877   6.08174333  7.04518571  5.71518195
   6.5467724 ]
 [-0.15589322 -0.09640276 -0.09640276 -0.1        -0.09640276 -0.1
  -0.13005419]
 [ 5.12153816  4.12876576  3.30728695  1.06104806  2.7798977   2.60863934
   1.92391698]
 [-0.15147687  0.41363212  3.29667045  0.23916132  1.84027164  0.2749365
   0.31688949]
 [ 0.0294639   0.42057868  0.27811883  0.04503771  0.45873688  0.08557164
   2.39813065]]

car_0	volume: 4930001.811836507	distance: 139.15269652457704
car_1	volume: 6963454.283977453	distance: 134.29485526612882
car_2	volume: 5932814.085177518	distance: 123.48796828487141
car_3	volume: 5142362.537435112	distance: 158.90192983360123
car_4	volume: 3490306.690704571	distance: 114.30848351652386
###################################################################
Goal_17
standard volume: 1.2226164726582627
[[ 0.5098377   0.17760473  0.16663829  0.18098626  0.1936368   0.07613887
   0.17794914]
 [ 1.73734664  2.95770269  1.87651224  1.59735106  2.19639955  2.27369585
   0.78624488]
 [-1.23397579 -0.90948356 -1.2026943  -1.19857387 -0.39246232 -1.28397938
  -0.2460857 ]
 [-1.95624697 -2.07518301 -1.98766402 -2.03086091 -1.99603394 -2.01674945
  -1.55598672]
 [ 1.17799943 -0.26752492 -0.30358141 -0.26428142 -0.10590994 -0.13766639
   0.32335082]
 [ 4.86504391  5.79540563  5.44676073  4.94857796  6.60342781  5.49966322
   3.65480614]
 [ 1.68188208  0.18731454  0.31500838 -0.23316651  0.01642804  0.72198801
   0.34828761]
 [ 4.0466361   3.09930264  2.69606706  3.53206977  5.76201835  2.72528067
   3.67601362]
 [ 0.          0.          0.          0.          0.          0.
   0.        ]
 [ 4.53552623  5.55371431  4.89147178  4.78106307  5.9624919   5.17896931
   5.50189802]
 [ 1.55340323  2.45102803  1.53468174  1.52072243  3.73322713  1.72017366
   1.91851074]
 [ 5.7702541   6.58801529  6.2976877   6.08174333  7.09640395  5.71518195
   6.46076048]
 [-0.15589322 -0.09640276 -0.09640276 -0.1        -0.09640276 -0.1
  -0.13005419]
 [ 4.76359954  4.25565209  3.30728695  1.06104806  3.04167084  2.69702349
   1.92391698]
 [-0.15147687  0.41363212  3.29667045  0.23916132  1.84027164  0.2749365
   0.31688949]
 [ 0.0294639   0.42057868  0.27811883  0.04503771  0.45873688  0.08557164
   2.39813065]]

car_0	volume: 4404539.098863725	distance: 127.86716461969239
car_1	volume: 6937191.732138505	distance: 128.9236123937429
car_2	volume: 4217551.430567912	distance: 133.21873153836913
car_3	volume: 3428003.400118757	distance: 97.86595818626648
car_4	volume: 3156324.5148436925	distance: 154.2937183656928
car_5	volume: 4315329.232598572	distance: 126.06978556723864
###################################################################
Goal_18
standard volume: 1.5352086179752955
[[ 0.47945511  0.07565107  0.13298923  0.03059213  0.14119841  0.01255794
   0.0759917 ]
 [ 1.51416288  1.74076092  1.52830495  1.59476129  2.33583165  1.65242208
   0.5926196 ]
 [-1.22409317 -0.90948356 -1.2026943  -1.18242035 -0.39246232 -1.28397938
  -0.41212149]
 [-1.95624697 -2.07518301 -1.98766402 -2.03086091 -1.99603394 -2.01674945
  -1.55598672]
 [ 1.22691561 -0.26752492 -0.30358141 -0.26428142 -0.10590994 -0.13766639
   0.32335082]
 [ 4.27408449  6.13582634  6.07583468  4.92325601  6.17985812  5.72660239
   2.93343058]
 [ 1.56162264  0.18731454  0.31500838 -0.23316651  0.01642804  0.72198801
   0.34828761]
 [ 4.0466361   3.09930264  3.04724796  3.53206977  5.97241637  2.86833688
   3.62135136]
 [ 0.          0.          0.          0.          0.          0.
   0.        ]
 [ 4.23372014  4.92644673  4.35310336  4.41052026  5.94473336  5.00946625
   5.23189133]
 [ 1.55092142  1.48384414  1.45390164  1.28050265  1.41611912  1.4333495
   1.49739046]
 [ 5.72480864  6.50840001  6.25776671  6.08174333  6.8862154   5.71518195
   6.49673163]
 [-0.15589322 -0.09640276 -0.09640276 -0.1        -0.09640276 -0.1
  -0.13005419]
 [ 4.83376669  4.35934845  3.30728695  1.06104806  3.26448201  2.81571109
   2.56187793]
 [-0.15147687  0.41363212  3.29667045  0.23916132  1.84027164  0.2749365
   0.31688949]
 [ 0.0294639   0.42057868  0.27811883  0.04503771  0.45873688  0.08557164
   2.53740703]]

car_0	volume: 4949157.309339915	distance: 125.96031596633239
car_1	volume: 6631949.194991324	distance: 129.0522110125513
car_2	volume: 5405033.792153316	distance: 133.98120267403945
car_3	volume: 4622243.308707816	distance: 133.1446198877292
car_4	volume: 2419742.5640528677	distance: 109.84220926887306
car_5	volume: 2430813.239885926	distance: 107.88280082027816
###################################################################
Goal_19
standard volume: 1.0935758656828687
[[ 9.08300224e-01  7.56510746e-02  8.71458019e-02  1.05532982e-04
   1.41198406e-01 -1.61252335e-02  7.59917018e-02]
 [ 1.34796329e+00  1.70952509e+00  1.46687175e+00  1.40070321e+00
   2.71403585e+00  1.51617087e+00  6.32844655e-01]
 [-1.22409317e+00 -9.09483556e-01 -1.20269430e+00 -1.18242035e+00
  -3.92462319e-01 -1.28397938e+00 -4.12121486e-01]
 [-1.95624697e+00 -2.07518301e+00 -1.98766402e+00 -2.03086091e+00
  -1.99603394e+00 -2.01674945e+00 -1.55598672e+00]
 [ 1.22691561e+00 -2.67524922e-01 -3.03581409e-01 -2.64281422e-01
  -1.05909942e-01 -1.37666392e-01  3.23350821e-01]
 [ 4.12261449e+00  6.41363012e+00  5.96141145e+00  4.85930366e+00
   6.01728614e+00  5.80251266e+00  1.58095075e+00]
 [ 1.56162264e+00  1.87314545e-01  3.15008376e-01 -2.33166513e-01
   1.64280363e-02  7.21988009e-01  3.48287612e-01]
 [ 4.04663610e+00  3.09930264e+00  3.36851379e+00  3.53206977e+00
   6.02959810e+00  3.01304825e+00  3.58455093e+00]
 [ 0.00000000e+00  0.00000000e+00  0.00000000e+00  0.00000000e+00
   0.00000000e+00  0.00000000e+00  0.00000000e+00]
 [ 3.90265010e+00  5.08609448e+00  4.22790676e+00  4.05382268e+00
   5.32228056e+00  4.56288042e+00  4.84174784e+00]
 [ 1.55092142e+00  1.48384414e+00  1.45390164e+00  1.28050265e+00
   1.41611912e+00  1.43334950e+00  1.49739046e+00]
 [ 5.72480864e+00  6.50840001e+00  6.25776671e+00  6.08174333e+00
   6.88621540e+00  5.71518195e+00  6.49673163e+00]
 [-1.55893223e-01 -9.64027580e-02 -9.64027580e-02 -1.00000000e-01
  -9.64027580e-02 -1.00000000e-01 -1.30054195e-01]
 [ 4.83376669e+00  4.35934845e+00  3.30728695e+00  1.06104806e+00
   3.26448201e+00  2.81571109e+00  2.56187793e+00]
 [-1.51476868e-01  4.13632118e-01  3.29667045e+00  2.39161320e-01
   1.84027164e+00  2.74936502e-01  3.16889485e-01]
 [ 2.94638966e-02  4.20578677e-01  2.78118827e-01  4.50377071e-02
   4.58736884e-01  8.55716434e-02  2.74062895e+00]]

car_0	volume: 6952449.157712476	distance: 140.49921995484803
car_1	volume: 5175903.458297705	distance: 146.78286345621865
car_2	volume: 4748375.718651491	distance: 154.58639377334663
car_3	volume: 5889206.943689997	distance: 159.3727561587362
car_4	volume: 3693004.1307794936	distance: 138.09053496805637
###################################################################
Goal_20
standard volume: 1.6311843999934492
[[ 0.73671305  0.05436456  0.01555803 -0.10883172 -0.02719249 -0.10194605
  -0.09675819]
 [ 1.20991635  1.61680157  1.23647459  1.57168046  2.00775225  1.51617087
   0.43035438]
 [-1.24040238 -0.90948356 -1.24386157 -1.18242035 -0.61998924 -1.28691334
  -0.57918202]
 [-1.95624697 -2.07518301 -1.98766402 -2.03086091 -1.99603394 -2.01674945
  -1.55598672]
 [ 1.22691561 -0.26752492 -0.30358141 -0.26428142 -0.10590994 -0.13766639
   0.32335082]
 [ 3.86901405  5.86237793  5.86675792  4.79733616  6.48160026  5.92877415
   0.85618077]
 [ 1.56162264  0.18731454  0.31500838 -0.23316651  0.01642804  0.72198801
   0.34828761]
 [ 4.0466361   3.7193335   3.36851379  3.69861134  6.24608498  3.01304825
   3.55598701]
 [ 0.          0.          0.          0.          0.          0.
   0.        ]
 [ 3.74933171  4.76298582  4.06864647  4.03405054  6.00172815  4.36733247
   5.06838488]
 [ 1.43386128  1.45494294  1.35126441  1.20132292  1.79102712  1.4333495
   1.28576429]
 [ 5.59909603  6.46768644  6.3172782   6.02690035  7.51934356  5.65899937
   6.56454142]
 [-0.15589322 -0.09640276 -0.09640276 -0.1        -0.09640276 -0.1
  -0.13005419]
 [ 4.83376669  4.35934845  3.30728695  1.06104806  3.26448201  2.81571109
   2.56187793]
 [-0.15147687  0.41363212  3.29667045  0.23916132  1.84027164  0.2749365
   0.31688949]
 [ 0.47776088  0.71883954  0.27811883  0.04503771  0.45873688  0.08557164
   2.87241181]]

car_0	volume: 4991404.615267293	distance: 199.6064534013159
car_1	volume: 6704325.973676988	distance: 135.22796252473572
car_2	volume: 5578813.045273259	distance: 140.42443771658554
car_3	volume: 2048730.3431151353	distance: 135.91193037091068
car_4	volume: 4568433.203576283	distance: 126.72816342101275
car_5	volume: 2567232.228222203	distance: 78.35577725757403
###################################################################
Goal_21
standard volume: 1.3794961986092045
[[ 0.37847348 -0.32672971 -0.28771225 -0.27061144 -0.26724625 -0.30018991
  -0.29207998]
 [ 1.26314931  2.35403561  2.02654131  1.34592493  1.75366518  1.54760819
   0.36938682]
 [-1.2701639  -0.96648516 -0.83916794 -1.18242035 -0.24078671 -1.31480821
  -0.7139977 ]
 [-1.95624697 -2.07518301 -1.98766402 -2.03086091 -1.99603394 -2.01674945
  -1.55598672]
 [ 1.28649842 -0.26752492 -0.30358141 -0.26428142 -0.10590994 -0.13766639
   0.32335082]
 [ 4.18959695  5.74997405  5.76552533  5.43027979  6.95685894  5.45835349
   3.57206201]
 [ 2.18665898  0.62075162  0.4099931  -0.1869544   0.43688402  0.72198801
   0.70531998]
 [ 4.37399033  3.7193335   3.36851379  3.85905913  6.32029324  3.01304825
   3.55553844]
 [ 0.          0.          0.          0.          0.          0.
   0.        ]
 [ 4.34721786  5.27681694  4.48750211  4.48133346  5.39885482  4.87456482
   5.86203155]
 [ 2.23094054  2.61989579  2.52670183  2.27340123  4.38622318  2.45054207
   2.06076604]
 [ 5.65500022  6.45625129  6.36389925  6.11379975  7.86771514  5.69561473
   6.62380157]
 [-0.15589322 -0.19174509 -0.19174509 -0.1989     -0.19174509 -0.1989
  -0.06825822]
 [ 4.72181008  4.46275841  3.30728695  1.49446342  3.65741194  2.94578782
   2.511243  ]
 [-0.04632873  0.41363212  3.29667045  0.23916132  1.84027164  0.2749365
   0.31688949]
 [ 0.47776088  0.71883954  0.27811883  0.04503771  0.45873688  0.08557164
   2.87241181]]

car_0	volume: 6605089.577769533	distance: 135.93438881592712
car_1	volume: 5849725.045553306	distance: 160.768662175942
car_2	volume: 3309581.654296712	distance: 173.99871884015016
car_3	volume: 4292131.568686948	distance: 157.4967227057305
car_4	volume: 2765515.59924697	distance: 96.54642452486476
car_5	volume: 3636895.9635776947	distance: 113.21791179901828
###################################################################
Goal_22
standard volume: 1.497438201237949
[[ 0.76319113 -0.37709583 -0.28771225 -0.27061144 -0.23889474 -0.30018991
  -0.27037598]
 [ 1.14953503  1.31279024  1.85462405  1.08025441  2.84720593  1.54943676
   0.15223069]
 [-1.2701639  -0.96648516 -0.46128004 -1.18242035 -0.42726362 -1.31480821
  -0.65665115]
 [-1.95624697 -2.07518301 -1.98766402 -2.03086091 -1.99603394 -2.01674945
  -1.55598672]
 [ 1.28649842 -0.26752492 -0.30358141 -0.26428142 -0.10590994 -0.13766639
   0.32335082]
 [ 4.27097734  5.66338257  5.68424889  5.22758937  6.29758576  5.84593373
   0.97982544]
 [ 2.54573885  0.62075162  0.4099931   0.07583228  0.43688402  0.90268015
   0.70531998]
 [ 4.6795425   3.89055965  3.76291769  3.85905913  6.61487025  3.01304825
   3.55513472]
 [ 0.          0.          0.          0.          0.          0.
   0.        ]
 [ 4.32240466  5.18342858  4.41088709  4.43472985  5.49120312  4.6310752
   5.3229603 ]
 [ 2.3529761   2.91197114  2.93617286  2.54539188  4.67612309  2.78305279
   2.59653931]
 [ 5.65500022  6.45625129  6.37305386  6.21031519  7.83797076  5.72124698
   6.57494184]
 [-0.15589322 -0.19174509 -0.19174509 -0.1989     -0.19174509 -0.1989
  -0.06825822]
 [ 4.72181008  4.46275841  3.30728695  1.49446342  3.65741194  2.94578782
   2.511243  ]
 [-0.04632873  0.41363212  3.29667045  0.23916132  1.84027164  0.2749365
   0.31688949]
 [ 0.47776088  0.71883954  0.27811883  0.04503771  0.45873688  0.08557164
   2.87241181]]

car_0	volume: 6864087.611567859	distance: 142.2716489972917
car_1	volume: 3702858.5892111664	distance: 121.83753752356589
car_2	volume: 5268057.791219005	distance: 121.12491845330588
car_3	volume: 3287202.164132709	distance: 122.94598661417596
car_4	volume: 5052988.223156759	distance: 128.02408083034945
car_5	volume: 2283745.0298436666	distance: 84.09454814601428
###################################################################
Goal_23
standard volume: 1.5757689374444033
[[ 1.01240346 -0.37709583 -0.28771225 -0.27061144 -0.23889474 -0.30018991
  -0.27037598]
 [ 1.14953503  1.33850978  1.85462405  1.09666807  2.16999407  2.06031758
   0.15223069]
 [-1.2701639  -0.96648516 -0.46128004 -1.18242035 -0.42726362 -1.31480821
  -0.65665115]
 [-1.95624697 -2.07518301 -1.98766402 -2.03086091 -1.99603394 -2.01674945
  -1.55598672]
 [ 1.28649842 -0.26752492 -0.30358141 -0.26428142 -0.10590994 -0.13766639
   0.32335082]
 [ 4.18722966  6.00796316  5.91866321  5.68678255  7.61127959  5.74594746
   2.87758044]
 [ 2.58932914  0.62075162  0.65384284  0.07583228  0.70634253  0.90268015
   0.70531998]
 [ 4.94578753  4.70327094  3.76291769  4.24691138  7.10666485  3.40148666
   3.55477137]
 [ 0.          0.          0.          0.          0.          0.
   0.        ]
 [ 4.2133914   4.9178629   4.32885622  4.33601013  4.80661797  4.5309195
   5.97084679]
 [ 2.2778651   2.85241351  2.57381789  2.40148635  4.22048468  2.55865359
   2.48313044]
 [ 5.83568246  6.49325692  6.43037863  6.43383832  8.04133682  5.86590901
   6.95203047]
 [-0.15589322 -0.19174509 -0.19174509 -0.1989     -0.19174509 -0.1989
  -0.06825822]
 [ 5.0381792   4.53862142  3.30728695  1.49446342  3.65741194  2.98023693
   2.511243  ]
 [-0.04632873  0.41363212  3.29667045  0.23916132  1.84027164  0.2749365
   0.31688949]
 [ 0.47776088  0.71883954  0.27811883  0.04503771  0.45873688  0.08557164
   2.87241181]]

car_0	volume: 6544936.385690918	distance: 123.24256665728957
car_1	volume: 3943638.1192110535	distance: 182.32747498157954
car_2	volume: 5631463.487983511	distance: 158.23833315359852
car_3	volume: 3058049.9549978366	distance: 105.90090179237505
car_4	volume: 5316523.6975002345	distance: 158.829090798912
car_5	volume: 1964327.7637476067	distance: 71.87049620019329
###################################################################
Goal_24
standard volume: 0.7469153105742803
[[-8.16368872e-02 -2.54334678e-02 -2.52212999e-01 -2.35680962e-01
   1.24810973e-02 -2.79111052e-03 -7.93097161e-02]
 [ 1.65540591e+00  2.07509883e+00  1.96619175e+00  1.56883707e+00
   1.74485446e+00  4.57722516e+00  7.01757950e-01]
 [-1.25927155e+00 -1.06602596e+00 -8.34506410e-01 -8.43423946e-01
  -2.21092371e-01 -1.31760787e+00 -4.91059182e-01]
 [-1.95624697e+00 -2.07518301e+00 -1.98766402e+00 -2.03086091e+00
  -1.99603394e+00 -2.01674945e+00 -1.55598672e+00]
 [ 1.59547608e+00 -2.67524922e-01 -3.03581409e-01 -2.64281422e-01
  -1.05909942e-01 -1.37666392e-01  3.23350821e-01]
 [ 5.41014834e+00  6.84205580e+00  6.76435444e+00  6.34210660e+00
   7.01120756e+00  6.89924230e+00  2.16945932e+00]
 [ 2.70767025e+00  6.20751622e-01  6.53842839e-01  7.58322835e-02
   7.06342534e-01  9.48068293e-01  7.05319978e-01]
 [ 5.13785534e+00  4.70327094e+00  3.76291769e+00  4.99873769e+00
   7.16729425e+00  3.82057535e+00  3.76500837e+00]
 [ 0.00000000e+00  0.00000000e+00  0.00000000e+00  0.00000000e+00
   0.00000000e+00  0.00000000e+00  0.00000000e+00]
 [ 4.97542081e+00  5.01155812e+00  5.27371350e+00  4.65101411e+00
   6.24697619e+00  5.69607837e+00  7.18929883e+00]
 [ 2.61209148e+00  3.34864626e+00  3.51439518e+00  2.62942042e+00
   5.08644780e+00  3.20092045e+00  3.11928514e+00]
 [ 4.80983966e+00  5.26249504e+00  5.23137568e+00  5.35367895e+00
   7.29869470e+00  5.05685199e+00  6.11729466e+00]
 [-1.55893223e-01 -1.91745086e-01 -1.91745086e-01 -1.98900000e-01
  -1.91745086e-01 -1.98900000e-01 -6.82582230e-02]
 [ 5.34151199e+00  4.53862142e+00  3.30728695e+00  1.49446342e+00
   3.65741194e+00  2.98023693e+00  2.51124300e+00]
 [-4.63287272e-02  6.13563044e-01  3.83963114e+00  4.08648858e-01
   1.88745908e+00  2.74936502e-01  3.16889485e-01]
 [ 4.77760875e-01  7.18839544e-01  2.78118827e-01  4.50377071e-02
   4.58736884e-01  8.55716434e-02  2.86074049e+00]]

car_0	volume: 2738002.290815295	distance: 68.4846686758112
car_1	volume: 2183363.5659599453	distance: 62.49981137666744
car_2	volume: 3011923.8640904194	distance: 55.484320682128136
car_3	volume: 3568146.4200407392	distance: 62.65535556615814
car_4	volume: 2684940.190626453	distance: 54.54194591837071
car_5	volume: 2142324.947447721	distance: 59.64164346242929
car_6	volume: 2197533.014965409	distance: 57.228240849265035
car_7	volume: 2168658.4599716803	distance: 60.398343181902334
car_8	volume: 1349052.087691536	distance: 57.65104084366649
car_9	volume: 2156505.3167650397	distance: 67.2304717068999
car_10	volume: 1684037.8203847446	distance: 64.1813125853302
car_11	volume: 574451.4303721789	distance: 65.64580994922207
###################################################################
Goal_25
standard volume: 1.7620589396244908
[[ 0.13612975 -0.1251537  -0.252213   -0.23568096 -0.08765619 -0.10140118
  -0.17843731]
 [ 1.65540591  2.07509883  2.14910919  1.56883707  1.74485446  4.15079639
   0.70175795]
 [-1.25927155 -1.06602596 -0.83450641 -0.84342395  0.14377199 -1.31760787
  -0.49105918]
 [-1.95624697 -2.07518301 -1.98766402 -2.03086091 -1.99603394 -2.01674945
  -1.55598672]
 [ 1.59547608 -0.26752492 -0.30358141 -0.26428142 -0.10590994 -0.13766639
   0.32335082]
 [ 5.22759123  6.33310732  6.15739111  6.12663476  6.0900593   6.00476608
   2.51896573]
 [ 1.40080102  0.62075162  0.87662593  0.18948779  0.72293549  0.90867629
   0.70531998]
 [ 5.17365364  4.70327094  4.32288071  4.99873769  6.57766222  3.98161643
   3.95234302]
 [ 0.          0.          0.          0.          0.          0.
   0.        ]
 [ 4.97542081  5.01155812  5.2737135   4.68481319  6.18736512  5.69607837
   6.26314591]
 [ 1.77678312  1.87000368  1.70738683  1.63238652  2.3270399   1.66559598
   1.86752866]
 [ 4.80983966  5.26249504  5.23137568  5.35367895  7.07495906  5.05685199
   6.20611415]
 [-0.15589322 -0.19174509 -0.19174509 -0.1989     -0.19174509 -0.1989
  -0.06825822]
 [ 5.18198882  4.53862142  3.30728695  1.49446342  3.80058411  3.05760781
   2.511243  ]
 [-0.04632873  0.61356304  3.83963114  0.40864886  1.88745908  0.2749365
   0.31688949]
 [ 0.47776088  0.71883954  0.27811883  0.04503771  0.45873688  0.08557164
   2.92567511]]

car_0	volume: 6989913.609988785	distance: 142.25526171462724
car_1	volume: 5725950.328007501	distance: 149.0964796119398
car_2	volume: 5584131.629237602	distance: 151.04495939686493
car_3	volume: 2394952.018787905	distance: 70.41968356816004
car_4	volume: 2624280.4783960325	distance: 113.10311079073801
car_5	volume: 3139711.344713336	distance: 144.53241427229457
###################################################################
Goal_26
standard volume: 1.5165952142536618
[[ 1.48528359 -0.1251537  -0.31487615 -0.25383403 -0.08765619 -0.06204356
  -0.17843731]
 [ 1.6335456   1.9614719   1.98040823  1.50632282  1.96643871  2.59747399
   0.42372804]
 [-1.25927155 -1.06602596 -0.83450641 -0.84342395  0.29562426 -1.2712351
  -0.49105918]
 [-1.95624697 -2.07518301 -1.98766402 -2.03086091 -1.99603394 -2.01674945
  -1.55598672]
 [ 1.45369998 -0.26752492 -0.30358141 -0.26428142 -0.10590994 -0.13766639
   0.32335082]
 [ 4.9285764   5.98581054  5.70388488  5.46484838  5.79951087  5.54591334
   3.26654935]
 [ 0.98811089  0.73948004  0.90942804  0.18948779  1.14815962  0.83220856
   0.70531998]
 [ 5.18717876  5.29696774  4.57859366  5.27684906  6.99293778  4.1799463
   4.14233767]
 [ 0.          0.          0.          0.          0.          0.
   0.        ]
 [ 4.94734582  5.07061393  5.11838503  4.70070098  6.31329994  5.38822818
   5.74136327]
 [ 1.09768     1.35166994  1.06243455  1.24879541  2.24328523  1.27728843
   1.50510184]
 [ 4.80983966  5.46195601  5.30039291  5.40729499  6.94592812  5.05685199
   6.20611415]
 [-0.15589322 -0.19174509 -0.19174509 -0.1989     -0.19174509 -0.1989
  -0.06825822]
 [ 4.70515586  4.63070751  3.52250649  2.11427432  3.80058411  3.12242368
   2.511243  ]
 [-0.04632873  0.61356304  4.10079723  0.40864886  1.95885631  0.2749365
   0.31688949]
 [ 0.47776088  0.71883954  0.27811883  0.04503771  0.45873688  0.08557164
   2.92567511]]

car_0	volume: 6176911.422571084	distance: 123.50526044488304
car_1	volume: 4654630.904169543	distance: 124.79600528058467
car_2	volume: 5024423.938460793	distance: 142.1325301727602
car_3	volume: 2381681.253608439	distance: 75.69556452813983
car_4	volume: 3756409.7601997848	distance: 124.37047818000318
car_5	volume: 3037408.087066679	distance: 121.96648368264789
car_6	volume: 1427474.0430548377	distance: 114.45300562123273
###################################################################
Goal_27
standard volume: 1.5531049888278337
[[ 1.15572211 -0.60397596 -0.35183738 -0.45690273 -0.39078256 -0.2261455
  -0.41682921]
 [ 1.3288681   2.39045863  1.13444593  1.35033455  1.89867909  1.58851648
   1.0949148 ]
 [-1.50067625 -1.09228447 -1.14403517 -1.29149219 -1.13216295 -1.11461854
  -0.84574728]
 [-1.95624697 -2.07518301 -1.98766402 -2.03086091 -1.99603394 -2.01674945
  -1.55598672]
 [ 0.55934976 -0.20653537 -0.22761119 -0.24937046 -0.10590994 -0.11325534
   0.29009355]
 [ 4.67783307  5.87027345  6.29556478  5.26095522  7.2418502   5.6440682
   1.91747509]
 [ 1.05837976  0.67818589  1.03973839  0.18948779  0.86917833  0.8403733
   2.04088633]
 [ 5.18717876  5.59031116  5.58343468  5.38300453  7.67746318  4.1799463
   4.08799446]
 [ 0.          0.          0.          0.          0.          0.
   0.        ]
 [ 4.85371496  5.50841766  4.97723137  4.94914803  6.62097511  5.62524175
   5.84208318]
 [ 0.38987626  0.87898059  0.5163722   0.37389452  0.49440829  0.71104167
   0.57574668]
 [ 5.04260868  5.92942387  5.55006773  5.64909301  7.33867998  5.30330253
   6.48016648]
 [-0.15589322 -0.19174509 -0.19174509 -0.1989     -0.19174509 -0.1989
  -0.06825822]
 [ 4.80394297  4.63070751  3.52250649  2.11427432  3.80058411  3.12894018
   2.511243  ]
 [ 0.05629064  1.38320731  4.87539243  1.12783986  2.89461321  0.54606137
   0.77667922]
 [ 0.47776088  0.71883954  0.27811883  0.04503771  0.45873688  0.08557164
   2.98989544]]

car_0	volume: 6386918.438162466	distance: 130.19055138772052
car_1	volume: 5009664.751825215	distance: 155.07062610536335
car_2	volume: 5874901.560975728	distance: 116.89416831051514
car_3	volume: 4341322.084854932	distance: 135.07125528328356
car_4	volume: 2141515.1386760334	distance: 126.54491937111746
car_5	volume: 2704617.434636791	distance: 85.86610403953497
###################################################################